z2 =

   0.054017   0.166433
  -0.523820  -0.588183
   0.665184   0.889567

a2 =

   1.00000   0.51350   0.54151
   1.00000   0.37196   0.35705
   1.00000   0.66042   0.70880

a3 =

   0.88866   0.90743   0.92330   0.93665
   0.83818   0.86028   0.87980   0.89692
   0.92341   0.93858   0.95090   0.96085

max_value =

   0.93665
   0.89692
   0.96085

h =

   4
   4
   4

y =

   4
   2
   3

J =

   0.0317 + 6.2832i   0.9783 + 6.2832i   1.9250 + 6.2832i
   0.9783 + 6.2832i   2.4050 + 6.2832i   3.8317 + 6.2832i
   1.9250 + 6.2832i   3.8317 + 6.2832i   5.7383 + 6.2832i

J =

   0.0317 + 6.2832i   0.9783 + 6.2832i   1.9250 + 6.2832i
   0.9783 + 6.2832i   2.4050 + 6.2832i   3.8317 + 6.2832i
   1.9250 + 6.2832i   3.8317 + 6.2832i   5.7383 + 6.2832i

grad =

   0
   0
   0
   0
   0
   0
   0
   0
   0
   0
   0
   0
   0
   0
   0
   0
   0
   0

